1
293
15
04/06/2020
2
83
13
04/06/2020
3
93
16
04/02/2021
5
57
7
20/06/2020
6
243
20
01/04/2020
7
399
9
23/03/2020
8
446
15
04/03/2020
9
196
11
12/05/2020
10
497
9
11/06/2020
11
144
5
23/06/2020
12
349
19
27/09/2020
13
403
8
26/10/2020
14
374
11
30/12/2020
15
463
16
14/12/2020
16
186
19
01/02/2021
17
101
1
12/10/2020
18
176
25
09/07/2020
19
357
15
07/01/2021
20
459
15
29/06/2020
21
357
13
19/01/2021
22
85
7
27/12/2020
23
157
10
31/03/2020
24
483
21
13/11/2020
25
185
22
01/04/2020
26
136
14
04/10/2020
27
82
23
23/09/2020
28
135
17
18/10/2020
29
307
13
02/02/2021
30
317
2
26/10/2020
31
154
13
18/12/2020
32
253
23
24/09/2020
33
416
5
01/12/2020
34
391
23
08/06/2020
35
78
14
28/07/2020
36
201
8
29/10/2020
37
235
22
28/03/2020
38
202
20
14/12/2020
39
19
16
11/09/2020
40
403
3
25/08/2020
41
378
24
27/04/2020
42
308
12
16/01/2021
43
430
21
02/08/2020
44
77
21
31/03/2020
45
258
4
31/12/2020
46
381
14
04/05/2020
47
307
22
03/10/2020
48
164
2
16/02/2021
49
146
24
21/04/2020
50
468
11
12/04/2020
51
244
5
02/07/2020
52
350
8
08/12/2020
53
164
24
25/08/2020
54
252
17
03/03/2020
55
108
8
09/06/2020
56
462
13
30/12/2020
57
170
21
12/08/2020
58
434
1
17/08/2020
59
55
16
27/03/2020
60
493
15
12/08/2020
61
290
18
11/11/2020
62
219
9
06/05/2020
63
279
4
04/07/2020
64
177
3
23/06/2020
65
85
3
14/01/2021
66
379
13
30/05/2020
67
181
6
02/08/2020
68
252
22
26/11/2020
69
7
18
06/12/2020
70
340
10
18/01/2021
71
410
11
26/10/2020
72
317
1
07/12/2020
73
203
24
29/09/2020
74
382
13
24/11/2020
75
318
16
16/04/2020
76
495
1
23/04/2020
77
415
22
15/12/2020
78
157
6
30/08/2020
79
122
14
17/08/2020
80
216
1
18/11/2020
81
358
11
18/03/2020
82
44
25
02/08/2020
83
181
25
23/01/2021
84
358
20
24/08/2020
85
82
7
24/08/2020
86
440
17
21/03/2020
87
123
6
02/04/2020
88
181
4
22/11/2020
89
476
20
27/01/2021
90
410
11
04/02/2021
91
288
20
21/02/2021
92
437
1
06/03/2020
93
491
2
13/10/2020
94
396
6
08/10/2020
95
425
25
24/06/2020
96
218
18
29/05/2020
97
265
14
25/11/2020
98
10
9
10/02/2021
99
117
18
14/12/2020
100
20
10
06/03/2020
101
464
22
20/12/2020
102
203
25
25/08/2020
103
224
20
16/02/2021
104
161
4
12/03/2020
105
436
17
24/10/2020
106
438
19
10/10/2020
107
41
17
26/09/2020
108
196
14
30/03/2020
109
73
16
06/01/2021
110
324
1
07/03/2020
111
499
6
22/06/2020
112
73
18
28/02/2020
113
172
10
18/12/2020
114
453
6
08/11/2020
115
150
4
24/07/2020
116
475
3
19/02/2021
117
178
12
12/05/2020
118
371
17
31/07/2020
119
472
17
19/02/2021
120
398
10
13/03/2020
121
254
6
29/08/2020
122
188
9
05/10/2020
123
482
1
30/07/2020
124
441
1
06/05/2020
125
160
19
01/01/2021
126
226
19
22/09/2020
127
148
12
08/12/2020
128
210
20
20/08/2020
129
390
3
22/02/2021
130
354
6
06/06/2020
131
317
20
16/09/2020
132
490
25
08/05/2020
133
436
3
03/09/2020
134
483
9
27/11/2020
135
214
23
28/08/2020
136
484
7
01/01/2021
137
194
18
27/08/2020
138
183
8
17/12/2020
139
371
23
03/11/2020
140
357
7
02/08/2020
141
239
9
18/05/2020
142
292
6
30/04/2020
143
368
25
27/05/2020
144
169
25
19/02/2021
145
465
8
29/03/2020
146
215
22
27/10/2020
147
84
5
28/06/2020
148
374
18
29/04/2020
149
423
16
11/01/2021
150
311
1
07/01/2021
151
373
7
03/02/2021
152
426
3
09/10/2020
153
163
7
24/08/2020
154
440
16
16/08/2020
155
470
12
03/03/2020
156
185
3
24/07/2020
157
421
7
17/07/2020
158
488
6
26/07/2020
159
256
23
29/06/2020
160
487
22
24/07/2020
161
450
10
23/11/2020
162
416
20
02/03/2020
163
164
19
06/02/2021
164
65
3
02/06/2020
165
333
8
12/11/2020
166
340
12
02/04/2020
167
458
13
19/05/2020
168
206
8
25/11/2020
169
37
19
16/12/2020
170
62
25
05/12/2020
171
173
18
14/10/2020
172
469
20
07/08/2020
173
472
15
20/03/2020
174
397
2
28/07/2020
175
394
22
02/12/2020
176
496
5
15/01/2021
177
141
4
30/06/2020
178
63
9
15/10/2020
179
39
7
25/12/2020
180
26
12
11/12/2020
181
99
24
08/11/2020
182
91
13
28/07/2020
183
19
24
01/10/2020
184
385
4
28/05/2020
185
253
7
01/02/2021
186
98
16
22/06/2020
187
48
24
28/12/2020
188
42
22
14/12/2020
189
182
9
04/03/2020
190
55
10
01/12/2020
191
339
24
10/04/2020
192
434
15
31/12/2020
193
357
16
04/01/2021
194
473
11
03/05/2020
195
234
7
04/10/2020
196
401
23
19/08/2020
197
207
3
01/10/2020
198
166
6
14/04/2020
199
147
18
22/04/2020
200
362
19
03/09/2020
201
61
5
15/03/2020
202
238
17
14/12/2020
203
260
24
26/08/2020
204
260
10
04/01/2021
205
155
20
20/12/2020
206
352
7
19/09/2020
207
286
20
04/04/2020
208
361
18
06/05/2020
209
216
8
31/03/2020
210
138
14
10/08/2020
211
340
18
27/07/2020
212
448
12
16/04/2020
213
45
7
12/06/2020
214
207
4
26/03/2020
215
349
17
24/08/2020
216
383
9
03/05/2020
217
130
21
17/05/2020
218
385
17
24/03/2020
219
132
12
26/10/2020
220
276
19
15/06/2020
221
55
22
16/08/2020
222
32
25
27/01/2021
223
211
25
16/10/2020
224
9
6
10/11/2020
225
237
4
09/09/2020
226
455
15
24/06/2020
227
7
8
19/06/2020
228
304
19
10/03/2020
229
114
12
23/08/2020
230
333
6
22/02/2021
231
100
11
16/01/2021
232
200
1
06/08/2020
233
47
7
29/04/2020
234
161
16
02/10/2020
235
289
25
15/04/2020
236
433
15
11/10/2020
237
226
8
02/07/2020
238
189
22
01/01/2021
239
352
15
01/08/2020
240
444
1
17/11/2020
241
322
5
13/08/2020
242
458
6
10/06/2020
243
240
11
24/07/2020
244
28
11
17/11/2020
245
495
25
20/11/2020
246
489
16
30/01/2021
247
6
20
13/09/2020
248
425
20
27/08/2020
249
224
21
20/11/2020
250
354
8
01/04/2020
251
177
14
18/06/2020
252
442
16
31/10/2020
253
161
1
23/08/2020
254
331
2
23/01/2021
255
422
24
11/12/2020
256
340
7
19/09/2020
257
227
4
31/01/2021
258
169
24
06/08/2020
259
5
24
28/09/2020
260
231
16
20/07/2020
261
327
10
26/05/2020
262
367
13
27/05/2020
263
144
4
29/08/2020
264
28
19
24/07/2020
265
322
18
27/05/2020
266
104
19
24/03/2020
267
64
22
07/07/2020
268
295
7
14/01/2021
269
107
17
05/08/2020
270
421
12
12/10/2020
271
210
11
22/03/2020
272
232
25
04/08/2020
273
454
14
03/03/2020
274
169
20
12/06/2020
275
175
21
07/05/2020
276
24
20
25/09/2020
277
379
20
23/08/2020
278
400
8
30/04/2020
279
463
1
21/05/2020
280
112
14
14/09/2020
281
207
19
07/11/2020
282
180
21
23/09/2020
283
273
2
01/05/2020
284
325
20
01/01/2021
285
329
17
20/07/2020
286
179
20
22/10/2020
287
205
12
06/12/2020
288
177
23
01/09/2020
289
197
6
25/05/2020
290
493
8
28/05/2020
291
243
19
07/01/2021
292
447
9
11/07/2020
293
212
13
27/01/2021
294
396
12
18/03/2020
295
332
4
10/08/2020
296
336
10
06/01/2021
297
64
8
12/12/2020
298
353
10
05/11/2020
299
202
12
22/01/2021
300
227
7
30/12/2020
301
158
16
05/11/2020
302
344
3
07/05/2020
303
355
20
20/10/2020
304
171
15
27/06/2020
305
260
10
18/12/2020
306
54
8
02/02/2021
307
39
24
07/03/2020
308
187
9
16/10/2020
309
324
10
07/05/2020
310
293
6
24/06/2020
311
458
23
23/03/2020
312
116
21
18/07/2020
313
206
9
13/07/2020
314
171
5
31/07/2020
315
116
20
13/06/2020
316
110
22
18/04/2020
317
207
8
16/12/2020
318
197
18
17/07/2020
319
1
25
06/09/2020
320
360
6
11/09/2020
321
153
10
30/03/2020
322
79
23
05/04/2020
323
21
8
14/12/2020
324
461
6
02/01/2021
325
96
22
21/11/2020
326
438
22
21/04/2020
327
471
18
23/04/2020
328
426
20
28/07/2020
329
455
18
17/04/2020
330
413
11
30/09/2020
331
76
20
05/04/2020
332
10
8
15/02/2021
333
389
25
23/09/2020
334
96
20
13/05/2020
335
89
11
28/09/2020
336
191
25
28/07/2020
337
219
4
21/10/2020
338
251
13
05/08/2020
339
446
1
25/04/2020
340
210
22
01/03/2020
341
210
4
13/09/2020
342
90
9
14/12/2020
343
101
19
06/04/2020
344
153
16
20/09/2020
345
320
23
05/09/2020
346
257
18
03/03/2020
347
142
17
02/12/2020
348
439
19
18/09/2020
349
439
11
13/12/2020
350
248
1
23/10/2020
351
459
16
04/07/2020
352
277
7
18/03/2020
353
106
24
10/11/2020
354
61
10
25/06/2020
355
263
2
05/04/2020
356
450
11
01/09/2020
357
71
5
29/11/2020
358
12
8
21/05/2020
359
111
13
16/09/2020
360
8
5
04/12/2020
361
125
4
04/07/2020
362
494
14
13/06/2020
363
219
18
21/01/2021
364
298
14
09/11/2020
365
352
12
01/10/2020
366
87
8
23/08/2020
367
416
17
28/09/2020
368
1
2
12/06/2020
369
356
14
20/06/2020
370
134
19
10/10/2020
371
329
11
01/04/2020
372
203
16
30/10/2020
373
86
1
04/04/2020
374
11
9
24/11/2020
375
173
15
21/02/2021
376
225
22
04/09/2020
377
268
21
06/05/2020
378
247
13
26/09/2020
379
5
21
15/08/2020
380
343
25
15/11/2020
381
71
3
23/01/2021
382
25
19
24/05/2020
383
204
4
19/08/2020
384
100
23
27/06/2020
385
311
4
17/01/2021
386
448
9
30/03/2020
387
85
10
05/09/2020
388
299
16
06/08/2020
389
210
21
28/11/2020
390
168
2
15/10/2020
391
27
21
10/07/2020
392
471
22
29/02/2020
393
195
25
18/08/2020
394
227
3
09/01/2021
395
171
2
28/11/2020
396
326
11
02/01/2021
397
429
17
11/11/2020
398
309
9
16/10/2020
399
119
23
25/12/2020
400
164
11
29/08/2020
401
41
16
23/11/2020
402
193
17
02/02/2021
403
260
17
04/05/2020
404
259
20
25/04/2020
405
305
9
12/03/2020
406
302
2
12/06/2020
407
8
19
07/12/2020
408
191
17
01/09/2020
409
20
25
11/02/2021
410
305
20
21/07/2020
411
384
22
21/12/2020
412
433
22
29/05/2020
413
203
3
23/11/2020
414
119
1
06/03/2020
415
126
18
01/06/2020
416
449
15
28/11/2020
417
247
8
24/01/2021
418
466
5
22/03/2020
419
477
23
09/01/2021
420
318
23
10/09/2020
421
317
20
28/09/2020
422
102
20
01/06/2020
423
277
2
01/11/2020
424
353
23
10/10/2020
425
273
4
22/05/2020
426
89
2
04/01/2021
427
454
4
25/03/2020
428
351
6
26/06/2020
429
261
8
27/09/2020
430
393
8
24/11/2020
431
257
24
18/06/2020
432
459
15
13/05/2020
433
280
13
24/07/2020
434
484
17
26/08/2020
435
439
21
23/04/2020
436
474
24
22/12/2020
437
331
14
30/06/2020
438
466
19
11/10/2020
439
285
4
26/07/2020
440
29
24
06/05/2020
441
28
3
13/10/2020
442
163
11
21/05/2020
443
183
21
15/11/2020
444
60
16
31/08/2020
445
455
19
13/04/2020
446
202
1
13/08/2020
447
323
17
14/04/2020
448
67
3
17/06/2020
449
363
11
23/04/2020
450
173
14
21/04/2020
451
81
22
14/04/2020
452
123
24
25/03/2020
453
467
18
30/03/2020
454
158
11
09/08/2020
455
156
3
10/04/2020
456
242
2
12/07/2020
457
168
23
29/08/2020
458
99
1
23/02/2021
459
401
21
28/01/2021
460
117
16
29/01/2021
461
220
22
19/11/2020
462
156
7
29/03/2020
463
235
16
21/06/2020
464
67
22
25/01/2021
465
319
16
22/05/2020
466
266
23
29/02/2020
467
427
25
24/11/2020
468
415
17
29/01/2021
469
71
23
01/04/2020
470
118
20
12/12/2020
471
368
21
21/03/2020
472
96
17
20/07/2020
473
257
21
05/07/2020
474
410
17
29/11/2020
475
13
4
19/05/2020
476
412
14
19/06/2020
477
118
6
31/12/2020
478
405
15
09/07/2020
479
56
23
06/11/2020
480
245
12
16/07/2020
481
420
19
29/04/2020
482
149
18
15/04/2020
483
284
14
02/10/2020
484
397
24
08/05/2020
485
227
8
24/09/2020
486
350
12
10/09/2020
487
492
6
24/10/2020
488
125
16
01/01/2021
489
67
20
04/12/2020
490
377
2
21/03/2020
491
314
12
16/09/2020
492
340
4
02/06/2020
493
221
17
27/07/2020
494
227
24
24/02/2021
495
429
1
26/02/2020
496
392
16
28/12/2020
497
78
13
29/02/2020
498
366
21
20/10/2020
499
98
9
02/08/2020
500
280
15
15/06/2020
501
20
5
24/03/2021
502
502
26
24/03/2021
